5.68245
3.77214
9.39107
8.99350
9.99350
2.28841
1.23532
6.49301
0.28619
2.15250
7.69861
6.99210
3.95805
2.42854
1.30242
9.69343
7.88419
2.36609
6.13745
4.62557
7.21923
3.57321
2.63759
1.63498
1.77025
7.06856
5.90019
8.79396
7.79131
6.70341
9.75637
1.37605
5.27286
6.47955
0.00569
7.83045
8.44558
9.55107
3.59350
2.60223
6.94500
7.29373
6.75187
5.20247
1.07639
2.03888
3.27072
7.35893
9.02275
5.30848
4.36663
9.38823
8.55097
6.97952
4.58654
4.64775
3.12758
2.22288
7.86868
6.51317
4.33649
5.27069
7.75467
9.68277
8.78068
1.94114
2.46293
3.04515
0.45586
2.94214
0.04604
0.00755
2.02136
2.44704
4.91385
4.32522
4.36471
9.19499
6.43088
7.38977
9.10338
5.14308
6.44837
1.11376
2.78334
9.84251
2.62997
8.24917
7.18915
6.44816
7.88879
3.11955
4.13511
5.38379
4.32382
6.45534
7.95295
9.51337
6.81888
3.73673